0.341985656557  0.826063227049
2
2
0.56959494  0.3748263675
3
0.3748263675  0.294231828333
4
starting
2
0.752880642324  0.595578154132
3
0.595578154132  0.546184552893
4

=========================P002
starting
2
0.48459666375  0.525295821992
3
0.525295821992  0.49273786639
1
0.49273786639  0.530208854508
2
=========================P002
starting
2
0.581030607025  0.580765667073
3
0.580765667073  0.477770635
4
=========================P002
starting================
starting================
starting================
2
0.580907289549  0.36242451405
3
0.36242451405  0.495006685833
4
0.495006685833  0.498780579167
5
0.498780579167  0.33612395
3
0.33612395  0.519975537561
4
0.519975537561  0.631117046667
5
0.631117046667  0.556339876033
3
0.556339876033  0.351550856467
4
0.351550856467  0.509653004959
5
0.509653004959  0.448441601667
3
0.448441601667  0.299591367705
4
=========================P003
