starting================P004
2
0.434940514488  0.364655196721
3
0.364655196721  0.405954969672
4

starting================P004
2
0.374841068261  0.646896523967
3
0.646896523967  0.65842352623
4
0.65842352623  0.463587239344
2
starting================P004
2
0.820501644094  0.703530823333
3
0.703530823333  0.68754195873
4
0.68754195873  0.535253487603
5
0.535253487603  0.770154861789
6
starting================P005
2
0.3931012304  0.375032121094
3
0.375032121094  0.403085874803
4
0.403085874803  0.551974618033
5
0.551974618033  0.591757317355
6
0.591757317355  0.62767618374
7
0.62767618374  0.692017116667
8
starting================P005
0.480937325  0.61084055082
9
starting================P005
2
0.705231305785  0.801358015833
3
0.801358015833  0.644955671901
1
0.644955671901  0.835220795833
2
0.835220795833  0.677771365833
0.677771365833  0.546961195082
3
0.546961195082  0.427575710833
4
0.427575710833  0.543173517073
5
0.543173517073  0.751548685124
6
0.751548685124  0.574328791057
4
0.574328791057  0.537507119835
5
starting================
starting================
starting================P006
2
0.36359803993  0.0141039961674
3
0.0141039961674  0.085167453916
4
starting================P006
2
0.0645985418167  0.0492449377406
3
0.0492449377406  0.115150629205
4
0.115150629205  0.140033134202
5
0.140033134202  0.167642026602
6
starting================P006
2
0.472111487582  0.477018820492
3
0.477018820492  0.428222617518
1
